0	取消
1	[0103,0000]
2	[0103,0001]
3	[0101,0002]
4	[0101,0003]
5	[0101,0004]
6	[0101,0005]
7	[0101,0006]
8	[0101,0007]
9	[0101,0008]
10	[0101,0009]
11	[0101,000A]
12	[0101,000B]
13	[0101,000C]
14	[0101,000D]
15	请选择宝可梦。
16	要对[0101,0000]\n做什么？
17	查看能力
18	拿它去交换
19	返回
20	正在等待连接……\n请稍等片刻。
21	要用[0101,0000]\n交换[0101,0001]吗？
22	是
23	否
24	交换已取消。
25	要退出交换吗？
26	是
27	否
28	正在等待您的朋友结束……
29	您的朋友好像想要交换！
30	将[0101,0000]送到了\n[0103,0001]处！
31	拜拜，[0101,0000]！
32	从[0103,0001]处得到了\n[0101,0000]！
33	要好好对待\n[0101,0000]啊！
34	如果交换那只宝可梦，\n就无法继续冒险了！
35	正在写入记录……\n请勿切断电源。
36	球壳将被取下，\n确定要继续吗？
37	您持有不能交换的\n宝可梦。
38	对方拥有不能交换的\n宝可梦
39	♂
40	♀
41	Ｌｖ．
42	持有物
43	[0101,0000]
44	[0134,0001]
45	[0108,0002]
46	[0101,0003]
47	[0134,0004]
48	[0108,0005]
49	无
