0	我是家具设计师\n紫檀。\f\n但是现在不行……\n我想不到好的设计……\f\n我在构思一个只能在\n梦里见到的美妙家具……
1	紫檀：唔唔……\f\n我还是没想到\n新的设计。\f\n下次再来吧。
2	紫檀：等我想到下一个\n设计的时候再来吧！
3	紫檀：我想到新的设计了！\n我很有自信。\f\n这其中哪个会是只会出现在\n梦中的美妙家具呢？
4	我想到了会在梦中\n见到的家具设计。\f\n这其中哪个是\n最好的呢？
5	紫檀：啊，你能帮我设计\n梦中的家具吗？\f\n这其中最会出现在\n梦中的会是什么呢？
6	是吗……等你改变主意了\n再来陪我设计\r\n梦中的家具吧。
7	原来如此……你品味不错，\n谢谢你的建议！\f\n这个设计肯定\n能做出只在梦中\r\n出现的美妙家具！\f\n下次我有什么灵感的时候\n你再来吧！
8	你……知道现在\n传得很火的梦中家具吗？
9	啊，抱歉啊。\f\n我是家具设计师\n紫檀。\f\n所有家具设计师都在\n为了创造出梦中家具\r\n而努力。\f\n就是看到那个家具\n晚上就一定要做梦的……\r\n那种家具。\f
10	[0132,0000]
11	[0132,0001]
12	[0132,0002]
13	[0132,0003]
14	[0132,0004]
15	取消
