0	[0101,0000]
1	[0101,0000]
2	[0101,0000]
3	[0101,0000]
4	[0101,0000]
5	[0101,0000]
6	请选择宝可梦。
7	要用于哪只宝可梦？
8	[0105,0000]
9	[0108,0000]
10	[0106,0000]
11	[0106,0000]
12	[0106,0000]
13	[0106,0000]
14	ＰＰ
15	调换
16	♂
17	♀
18	查看能力
19	查看招式
20	没有持有道具
21	[0101,0000]
22	[0101,0000]
23	Ｌｖ．
24	[0134,0000]
25	距离下一等级
26	[0137,0000]
27	[0105,0000]
28	ＨＰ
29	[0134,0000]
30	[0134,0000]
31	／
32	攻击
33	[0134,0000]
34	防御
35	[0134,0000]
36	特攻
37	[0134,0000]
38	特防
39	[0134,0000]
40	速度
41	[0134,0000]
42	[0106,0000]
43	ＰＰ
44	[0133,0000]
45	[0133,0000]
46	／
47	ーー
48	威力
49	[0134,0000]
50	ーーー
51	命中
52	[0134,0000]
53	分类
54	物理
55	变化
56	特殊
57	魅力点数
58	忘记
59	取消
60	这是重要招式，\n不能忘记！
61	[0106,0000]
62	[0133,0000]
63	[0133,0000]
64	[0106,0000]
65	[0133,0000]
66	[0133,0000]
67	[0106,0000]
68	[0133,0000]
69	[0133,0000]
70	[0106,0000]
71	[0133,0000]
72	[0133,0000]
73	[0106,0000]
74	[0133,0000]
75	[0133,0000]
76	[0101,0000]\n已经在战斗了。
77	[0101,0000]\n没有力气战斗了！
78	无法让[0101,0000]回来！
79	无法让蛋出场战斗。
80	无法与[0103,0000]的宝可梦交换！
81	即便使用也无效果哦。
82	[0101,0000]的体力回复了[0134,0001]！
83	[0101,0000]的毒消失得干干净净！
84	[0101,0000]身体的麻痹状态消除了！
85	[0101,0000]的灼伤治愈了！
86	[0101,0000]身体的冰融化了！
87	ＰＰ回复了！
88	[0101,0000]恢复了活力！
89	[0101,0000]变得健康了！
90	[0101,0000]的\n混乱解除了！
91	[0101,0000]的着迷状态解除了！
92	[0101,0000]\n醒过来了！
93	[0101,0000]已经被选中了！
94	要回复哪个招式？
95	因[0106,0001]的效果，\n无法对[0101,0000]使用！
