0	哦呀？\n[0101,0000]拿着什么东西……\f要收下它拿着的东西吗？[0200,0000]
1	[0101,0000]找到了什么\n似乎很开心！
2	！！\n它很喜欢这东西，不肯放手！
3	[0101,0000]开心地\n交了出来！
4	………………\n哦呀？\f[0101,0000]拿着\n不可思议的闪耀的叶片……
5	它看向这边\n并轻轻地点着头。
6	[0101,0000]发出了\n奇怪的声音……
7	[0101,0000]好像是在\n诉说着什么一般地低吼着。
8	从里面\n好像传来了什么声音！
9	[0101,0000]好不容易\n才刚要忘掉带着的\r[0108,0004]！
10	[0101,0000]戳了戳\n[0103,0002]！\r要戳回去吗？[0200,0000]
11	[0101,0000]正在戳着\n身边的东西……
12	[0101,0000]紧紧地\n贴在了脚上。
13	[0101,0000]突然生气了！
14	[0101,0000]\n突然大吃一惊！
15	[0101,0000]看起来\n有点萎靡不振……
16	[0101,0000]\n不知道叼着什么看着这边，\r要把那东西拿出来吗？[0200,0000]
17	[0101,0000]感觉很冷，\n向你身上靠了过来！
18	[0101,0000]非常高兴！
19	[0101,0000]好像松了一口气！
20	[0101,0000]\n很开心地戳来戳去！
21	[0101,0000]看起来非常开心！
22	[0101,0000]特别兴奋！
23	[0101,0000]稍微跳了一下！
24	[0101,0000]特别高兴！
25	[0101,0000]\n不知怎么很紧张……\r要跟它说说话吗？[0200,0000]
26	[0101,0000]吓了一跳\n放弃了恶作剧！
27	[0101,0000]\n戳了一下！\r陪陪它吧？[0200,0000]
28	[0101,0000]对周围的事物\n非常感兴趣！
29	[0101,0000]看起来特别满足！
30	[0101,0000]往旁边看了看\n突然撞了上去！
31	[0101,0000]看着这边，\n似乎是很想玩……\r稍微陪陪它吧？[0200,0000]
32	[0101,0000]\n突然放下了身子！\r要注意一下吗？[0200,0000]
33	[0101,0000]\n不知怎么迷迷糊糊的……\r叫叫它名字看吧？[0200,0000]
34	[0101,0000]愣在了那里。
35	[0101,0000]在草丛里\n滚来滚去，身上都是叶子！\r帮它把树叶摘下来吗？[0200,0000]
36	[0101,0000]\n突然冲上来戳了一下！\r稍微陪它玩玩吧？[0200,0000]
37	[0101,0000]\n盯着这边看……\r要叫叫它吗？[0200,0000]
38	[0101,0000]好像想到前面去！
39	[0101,0000]\n突然伸出了前爪！\r稍微陪它玩玩吧？[0200,0000]
40	[0101,0000]不安地\n环顾四周。\r要叫叫它看吗？[0200,0000]
41	[0101,0000]\n在发呆……\r要叫叫它看吗？[0200,0000]
42	[0101,0000]\n似乎想回研究所。
43	[0101,0000]\n突然开始摩擦双脚！
44	[0101,0000]\n在咬鞋子！\r要警告一下吗？[0200,0000]
45	[0101,0000]的叶子\n耷拉了下来。
46	[0101,0000]的脸颊\n变得红通通的！
47	[0101,0000]好像连\n活动身体都很费力！
48	[0101,0000]高兴地跟了上来！
49	[0101,0000]好像想和你玩！
50	[0101,0000]一脸撒娇地看着你！
51	[0101,0000]拼命地\n跟在后面！
52	[0101,0000]\n欢欣雀跃地跳个不停！
53	[0101,0000]开心地靠了过来！
54	[0101,0000]的表情\n很开心！
55	[0101,0000]欢快地\n跟在你的后面！
56	[0101,0000]使起了劲儿来！
57	[0101,0000]\n转来转去！
58	[0101,0000]正盯着这边看呢。
59	[0101,0000]转了过来\n并冲着你笑了笑！
60	[0101,0000]轻快地动了起来！
61	[0101,0000]开心地跳了起来！
62	[0101,0000]开心极了！
63	[0101,0000]\n轻快到跳了一下！
64	[0101,0000]精神十足地\n动了起来！
65	[0101,0000]直直地\n望着这边！
66	[0101,0000]\n移开了视线……
67	[0101,0000]戳了戳[0103,0002]的\n包包！\r要注意一下吗？[0200,0000]
68	[0101,0000]一直盯着\n[0103,0002]的双眼。
69	[0101,0000]请了个安！
70	[0101,0000]\n跟对方问了个好！
71	[0101,0000]吼了起来！
72	[0101,0000]朝着对方\n发出了巨大的响声！
73	[0101,0000]\n在威吓对方！
74	[0101,0000]\n瞪着对方看！
75	[0101,0000]\n盯着对方看。
76	[0101,0000]似乎很喜欢\n光儿！
77	[0101,0000]很想和\n光儿玩！
78	[0101,0000]跟光儿\n问了声好！
79	[0101,0000]很喜欢\n光儿……
80	[0101,0000]在打哈……\n………………\r不，它忍住了。
81	[0101,0000]\n眺望朝阳……
82	[0101,0000]\n咬着脚！
83	[0101,0000]戳了戳你的脚。
84	[0101,0000]\n啃咬着你的脚！\r要对它发火吗？[0200,0000]
85	[0101,0000]\n吞咬着你的脚！\r要对它发火吗？[0200,0000]
86	[0101,0000]\n盯着你的头看……
87	[0101,0000]正在警惕四周！
88	[0101,0000]在四下张望！
89	[0101,0000]很热，\n表情很不舒服。
90	[0101,0000]很热，\n蹲了下来……
91	[0101,0000]很热，\n非常开心！
92	[0101,0000]\n看着下雨很开心！
93	[0101,0000]\n看着下雨非常开心！
94	[0101,0000]似乎\n被雨吓了一跳！
95	[0101,0000]\n差点要摔倒了！
96	[0101,0000]猛地发出了火焰！
97	[0101,0000]突然生起了气来！
98	[0101,0000]突然吼了起来！
99	[0101,0000]\n突然对着后面吼了起来！
100	[0101,0000]突然\n转过了身去！
101	[0101,0000]正在戳着地面玩。
102	[0101,0000]正在玩弄着地面。
103	[0101,0000]正在戳着地面玩。
104	[0101,0000]正在骨碌骨碌地\n滚着石头玩。
105	[0101,0000]正在闻着周围的气味。
106	[0101,0000]看着岩石\n吓了一跳！
107	[0101,0000]对着前面\n张大了嘴巴。
108	[0101,0000]对着前面\n张大了嘴巴。
109	[0101,0000]看起来兴高采烈的！
110	[0101,0000]\n转着手！
111	[0101,0000]\n发出叫声！
112	[0101,0000]\n发出叫声！
113	[0101,0000]\n盯着大海看。
114	[0101,0000]看着大海\n很开心！
115	[0101,0000]开心地\n跳起了舞！
116	[0101,0000]正在\n开心地打滚。
117	[0101,0000]开心地\n问好！
118	[0101,0000]看起来很高兴地\n在打滚呢！
119	[0101,0000]\n开心地跳了起来！
120	[0101,0000]开心地\n蹦来蹦去！
121	[0101,0000]\n很想坐电车！
122	[0101,0000]很开心地\n挂在树枝上！
123	[0101,0000]撞在\n树枝上吓了一跳！
124	[0101,0000]大大地张着嘴！
125	[0101,0000]大叫了起来！
126	[0101,0000]打了个大哈欠！
127	[0101,0000]\n盯着里面看……
128	[0101,0000]看着里面\n颤抖……
129	[0101,0000]吼叫了起来！
130	[0101,0000]\n摆弄着落叶玩。
131	[0101,0000]\n似乎对陷阱很好奇。
132	[0101,0000]\n对里面的东西很好奇！
133	[0101,0000]的脸上在流汗……
134	[0101,0000]\n看着悬崖害怕……
135	[0101,0000]\n想动一下身体！
136	[0101,0000]挺起了身板！
137	[0101,0000]瑟瑟地抖着身体！
138	[0101,0000]\n盯着河水的流动。
139	[0101,0000]打起了精神！
140	[0101,0000]\n听着机械的声音。
141	[0101,0000]\n似乎很想摸机械！
142	[0101,0000]\n盯着机械看。
143	[0101,0000]\n瞪着对方看！
144	[0101,0000]突然大叫了起来！
145	[0101,0000]\n灵活地后撤！
146	[0101,0000]一副兴致勃勃的样子！
147	[0101,0000]不停地环视着周围。
148	[0101,0000]紧张地\n发出声音。
149	[0101,0000]东张西望地\n在找着什么。
150	[0101,0000]在四处张望。
151	[0101,0000]紧张地\n盯着森林。
152	[0101,0000]不安地\n听着水流的声音。
153	[0101,0000]不安地\n张望四周。
154	[0101,0000]\n盯着树看。
155	[0101,0000]靠着树！
156	[0101,0000]\n紧张得有点僵硬。
157	[0101,0000]\n戳着草玩。
158	[0101,0000]\n吃着草。
159	[0101,0000]\n拔着草玩！
160	[0101,0000]盯着\n快塌的地板看。
161	[0101,0000]盯着\n快塌的天花板看。
162	[0101,0000]把嘴巴张得大大的。
163	[0101,0000]的嘴正在打颤！
164	[0101,0000]扭动着脖子，\n鼓足了干劲！
165	[0101,0000]\n努力地跟在后面……
166	[0101,0000]在原地转起了圈来！
167	[0101,0000]嗅着\n潮水的味道。
168	[0101,0000]正保持着警惕！
169	[0101,0000]精神十足！
170	[0101,0000]\n精力旺盛地打招呼！
171	[0101,0000]精神十足地\n跳了起来！
172	[0101,0000]\n玩着冰。
173	[0101,0000]\n戳着冰。
174	[0101,0000]一个劲地戳着地面，\n好像是在找着什么。
175	[0101,0000]\n盯着这边的脸看。
176	[0101,0000]\n盯着这边喵了一声。
177	[0101,0000]\n看着这边喃喃自语。
178	[0101,0000]看着森林里的阳光。
179	[0101,0000]滚来滚去。
180	[0101,0000]害怕地\n蹭着[0103,0002]！
181	[0101,0000]很害怕地\n蹭着你！
182	[0101,0000]很冷\n很兴奋！
183	[0101,0000]很冷\n感觉非常不舒服……
184	[0101,0000]很冷\n感觉很烦躁！
185	[0101,0000]很冷\n身体稍微有缩小……
186	[0101,0000]\n吹着海风感觉很舒服！
187	[0101,0000]看着下面\n很激动！
188	[0101,0000]\n看着下面吓了一跳！
189	[0101,0000]\n尾巴上的火突然旺了起来！
190	[0101,0000]\n似乎很喜欢骑自行车！
191	[0101,0000]看着\n[0103,0002]的脚印。
192	[0101,0000]\n盯着自己的脸看。
193	[0101,0000]\n看着自己的脸。
194	[0101,0000]\n湿漉漉的很不爽……
195	[0101,0000]不停地\n闻着地面上的气味。
196	[0101,0000]一个劲地戳着地面。
197	[0101,0000]一直盯着下面看。
198	[0101,0000]正在戳着地面。
199	[0101,0000]\n挖洞玩。
200	[0101,0000]一个劲地\n戳着地面。
201	[0101,0000]是在做热身运动吗？
202	[0101,0000]小心地\n跟了上来！
203	[0101,0000]很紧张地\n老实不动……
204	[0101,0000]看起来可开心了！
205	[0101,0000]看起来好像有点紧张。
206	[0101,0000]有点兴奋！
207	[0101,0000]摔了一小跤，\n有点慌慌的！
208	[0101,0000]好像有点累了。
209	[0101,0000]迅速地\n后撤！
210	[0101,0000]\n稍微有点吃惊！
211	[0101,0000]撞了上去！
212	[0101,0000]\n觉得太小太不舒服！
213	[0101,0000]\n觉得太小而提高警惑！
214	[0101,0000]好奇外面！
215	[0101,0000]看着外面\n很高兴！
216	[0101,0000]想看外面\n心痒痒！
217	[0101,0000]很想看外面\n有点迫不及待！
218	[0101,0000]看着天空\n有点头晕！
219	[0101,0000]\n眺望高山……
220	[0101,0000]看着高山\n大吼！
221	[0101,0000]\n似乎对瀑布很有兴趣！
222	[0101,0000]\n听着瀑布的声音。
223	[0101,0000]似乎从\n瀑布中听到了什么！？
224	[0101,0000]似乎在\n瀑布中找到了什么！？
225	[0101,0000]\n有点抱怨了！
226	[0101,0000]\n感觉到了不一般的气息……
227	[0101,0000]\n嗅着槌槌米的气味。
228	[0101,0000]\n听着建筑的声音。
229	[0101,0000]抬头看着塔。
230	[0101,0000]小声地嘀咕着……
231	[0101,0000]使出全力炫耀了一番！
232	[0101,0000]看起来好像有点不开心……
233	[0101,0000]有点紧张……
234	[0101,0000]稍微有点害怕。
235	[0101,0000]好像有点麻麻的！
236	[0101,0000]\n似乎有点迷惑……
237	[0101,0000]\n盯着钓鱼看。
238	[0101,0000]拉紧了藤蔓！
239	[0101,0000]晃动着藤蔓！
240	[0101,0000]\n盯着展示品看。
241	[0101,0000]看着天花板\n吓了一跳！
242	[0101,0000]看着天花板\n很开心！
243	[0101,0000]\n抬头看着天花板。
244	[0101,0000]朝着远处吼了出来！
245	[0101,0000]\n似乎非常热……
246	[0101,0000]跟妈妈\n问了声好！
247	[0101,0000]看起来非常开心！
248	[0101,0000]\n似乎非常冷！
249	[0101,0000]\n似乎非常开心！
250	[0101,0000]\n在沙子上玩！
251	[0101,0000]陷进长草中\n玩！
252	[0101,0000]陷进长草中\n非常烦躁！
253	[0101,0000]陷进长草中\n似乎是拔不出来了！
254	[0101,0000]吃着\n长长的草。
255	[0101,0000]看着\n海水的流动……
256	[0101,0000]似乎\n在怕着什么……
257	[0101,0000]被什么声音\n给吓住了！
258	[0101,0000]感觉到了什么\n气息后吓了一跳！
259	[0101,0000]感觉到了\n某种气息……
260	[0101,0000]似乎是\n找到了什么东西！
261	[0101,0000]静静地听着\n波涛的声音。
262	[0101,0000]看着波浪\n很开心！
263	[0101,0000]不知怎么\n似乎听到了可疑的声音。
264	[0101,0000]看上去好像挺开心的！
265	[0101,0000]看起来很生气！
266	[0101,0000]好像很紧张！
267	[0101,0000]不知怎么\n很冷……
268	[0101,0000]看起来很高兴！
269	[0101,0000]好像有些害羞。
270	[0101,0000]看起来非常开心！
271	[0101,0000]嗅着味道\n觉得很可疑。
272	[0101,0000]\n笑着看着这边。
273	[0101,0000]悠悠哉哉的。
274	[0101,0000]被光\n晃到睁不开眼睛！
275	[0101,0000]碰到柱子后\n大吃一惊！
276	[0101,0000]想跑步，\n所以过来拉你了！
277	[0101,0000]害羞地\n躲到了后面！
278	[0101,0000]害羞地\n逃开了！
279	[0101,0000]在跟叶子\n玩！
280	[0101,0000]听着叶子\n擦过的声音感觉很放松……
281	[0101,0000]似乎是在听\n叶子擦过的声音。
282	[0101,0000]摆弄\n叶子玩！
283	[0101,0000]\n闭上了眼睛！
284	[0101,0000]\n跳着舞！
285	[0101,0000]\n跳着舞！
286	[0101,0000]\n跳着吸引你！
287	[0101,0000]\n跳着吸引你！
288	[0101,0000]不安地\n戳着[0103,0002]。
289	[0101,0000]不可思议地\n看着机械。
290	[0101,0000]\n跟两人问好！
291	[0101,0000]\n看着两人发出声音。
292	[0101,0000]和船\n一起摇摇晃晃！
293	[0101,0000]摇摇晃晃的！
294	[0101,0000]正在瑟瑟发抖……
295	[0101,0000]\n盯着喷泉看。
296	[0101,0000]\n看着喷泉很高兴！
297	[0101,0000]盯着\n猫老大像看！
298	[0101,0000]看着猫老大像\n大吼！
299	[0101,0000]\n放出了孢子！
300	[0101,0000]\n嗅着牧草的味道。
301	[0101,0000]直直地\n看着宝可梦联盟。
302	[0101,0000]突然发出了火焰！
303	[0101,0000]发出火焰，\n鼓足了干劲！
304	[0101,0000]看着\n破破烂烂的地板。
305	[0101,0000]坐在\n穿上很开心！
306	[0101,0000]仍然精神十足！
307	[0101,0000]\n似乎还不想下船。
308	[0101,0000]把水\n泼在窗户上玩！
309	[0101,0000]迷路了，\n感到很不安。
310	[0101,0000]用心地听着\n四周的声音！
311	[0101,0000]向四周东张西望着。
312	[0101,0000]正看着周围发呆。
313	[0101,0000]不安地\n看着湖水。
314	[0101,0000]被掉下来的水\n吓了一跳！
315	[0101,0000]\n在水池里玩！
316	[0101,0000]\n在水上滑了一跤！
317	[0101,0000]哗地一声\n放出了水！
318	[0101,0000]竖起耳朵\n聂听风的声音。
319	[0101,0000]\n跟大家问了好！
320	[0101,0000]似乎对\n草帽很感兴趣。
321	[0101,0000]的眼神\n变得坚定了起来！
322	[0101,0000]闭上眼睛\n安静了下来……
323	[0101,0000]握紧了手上的\n[0108,0004]！
324	[0101,0000]看着手上的\n[0108,0004]。
325	[0101,0000]盯着手上的\n[0108,0004]看。
326	[0101,0000]盯着屏幕\n拿出气势！
327	[0101,0000]看着森林\n感觉很局促。
328	[0101,0000]被烧伤了，\n好像很疼！
329	[0101,0000]似乎在\n山上找到了什么！
330	[0101,0000]似乎在\n山上找到了什么！
331	[0101,0000]\n盯着山看。
332	[0101,0000]\n盯着山看。
333	[0101,0000]开心地\n盯着山看！
334	[0101,0000]干劲十足！
335	[0101,0000]提高了干劲！
336	[0101,0000]\n优雅地飞上天空！
337	[0101,0000]望着\n染红的天空……
338	[0101,0000]\n在地板上滚来滚去！
339	[0101,0000]在地板上\n滑了一跤！
340	[0101,0000]被地板的声音\n吓了一跳！
341	[0101,0000]嗅着\n地板的气味。
342	[0101,0000]嗅着\n地板的气味。
343	[0101,0000]悠哉地\n盯着脸看。
344	[0101,0000]正在惬意地放松着。
345	[0101,0000]摇摇晃晃地\n摔了一跤！
346	[0101,0000]似乎对摇晃的\n柱子很好奇。
347	[0101,0000]被摇摇晃晃的\n船吓了一跳！
348	[0101,0000]望着\n夜空……
349	[0101,0000]看起来\n非常游刃有余！
350	[0101,0000]“啊～”地\n打了个哈欠。
351	[0101,0000]戳了戳\n[0103,0002]！
352	[0101,0000]和　\n[0103,0002]撞到了！
353	[0101,0000]盯着[0103,0002]的\n脸看
354	[0101,0000]\n问好！
355	[0101,0000]戳了戳你的脚。
356	[0101,0000]\n对四周保持警戒！
357	[0101,0000]\n差点要摔倒了！
358	[0101,0000]\n猛地放出了火焰！
359	[0101,0000]看起来\n快要倒下了！
360	[0101,0000]看着\n映出来的自己吓了一跳！
361	[0101,0000]\n在开心地唱歌！
362	[0101,0000]\n开心地害羞！
363	[0101,0000]\n打了个大哈欠！
364	[0101,0000]\n对里面的东西很好奇！
365	[0101,0000]一直在\n盯着你的脸看。
366	[0101,0000]在跟\n大葱鸭问好！
367	[0101,0000]\n很舒服地迎着风。
368	[0101,0000]\n不安地看着高楼大厦。
369	[0101,0000]\n嗅着草的味道、
370	[0101,0000]从草丛里\n找到了小石头，很开心！
371	[0101,0000]在草丛里\n躲雨。
372	[0101,0000]在草丛里\n滚来滚去。
373	[0101,0000]在草丛里\n湿漉漉的！
374	[0101,0000]\n被草丛绊到了！
375	[0101,0000]\n被草丛的声音吓了一跳！
376	[0101,0000]\n嗅着草丛的味道。
377	[0101,0000]\n盯着草丛看。
378	[0101,0000]\n踏着草丛！
379	[0101,0000]\n拔着草。
380	[0101,0000]\n嚼着草。
381	[0101,0000]\n闭上嘴巴。
382	[0101,0000]\n吧唧嘴。
383	[0101,0000]向胡桃\n问好！
384	[0101,0000]嗅着\n房间的气味。
385	[0101,0000]精神地\n跟在后面！
386	[0101,0000]冷的在\n发抖……
387	[0101,0000]\n一直盯着下面看。
388	[0101,0000]\n似乎稍微有些害怕……
389	[0101,0000]\n滑了一跤！
390	[0101,0000]似乎\n很喜欢滑来滑去！
391	[0101,0000]看着外面\n非常激动！
392	[0101,0000]静静地\n盯着天空。
393	[0101,0000]\n抬头看着天空。
394	[0101,0000]一直在眺望远方。
395	[0101,0000]中毒了，\n浑身都在发抖……
396	[0101,0000]特别高兴！
397	[0101,0000]\n激动地跳着！
398	[0101,0000]感觉到了\n某种气息……
399	[0101,0000]感觉到了什么，\n喃喃自语！
400	[0101,0000]盯着水面都\n没有的地方看……
401	[0101,0000]勉强地跟了上来。
402	[0101,0000]强忍着睡意……
403	[0101,0000]睡意朦胧，\n昏昏欲睡……
404	[0101,0000]\n眼神看起来很想睡……
405	[0101,0000]\n慢慢地跳起了舞！
406	[0101,0000]\n不停地拨弄着叶子。
407	[0101,0000]晃动着叶子。
408	[0101,0000]\n在吹树叶！
409	[0101,0000]\n想和玛力露一起玩！
410	[0101,0000]\n倏地发出了火焰。
411	[0101,0000]\n蓦地发出了火焰。
412	[0101,0000]\n忽地发出了火焰。
413	[0101,0000]想去摸\n机器。
414	[0101,0000]似乎对\n妈妈很感兴趣！
415	[0101,0000]在水池\n玩得欢！
416	[0101,0000]看着映在\n水池中的脸……
417	[0101,0000]跟大家\n打招呼！
418	[0101,0000]在大家面前\n扭扭捏捏的……
419	[0101,0000]干劲十足！
420	[0101,0000]看起来\n非常游刃有余！
421	[0101,0000]似乎意味　\n[0103,0002]不见了！
422	……\n它好像打了个喷嚏！
423	……\n鞋子有点湿了。
424	……\n它看起来有点冷。
425	……\n它好像吃了奇怪的东西。\r一脸难吃的样子……
426	……\n它好像被什么吓了一跳。
427	……\n它好像在害怕着什么。
428	……\n好像闻到了一股香味。
429	……　\n望着染红的天空。
430	……\n看着摇晃的船。
431	……啊！\n它想要翻弄架子！\r要教育一下它吗？[0200,0000]
432	……啊！\n它在乱翻道具！\r要注意一下吗？[0200,0000]
433	……\n它在注视着你。
434	……架子差点倒了，\n它被吓了一跳！
435	……\n架子被弄得乱七八糟的。
436	……\n它不愿与你对视。
437	……\n就算叫它，它也不过来。
438	啊！[0101,0000]\n叼着碎纸片！\r要生气吗？[0200,0000]
439	啊！[0101,0000]\n叼着电线！\r要生气吗？[0200,0000]
440	啊！[0101,0000]\n叼着什么的开关！\r要让它停下来吗？
441	啊！\n滑了一跤朝这边来了！
442	啊！\n它想偷吃！\r要教育一下它吗？[0200,0000]
443	啊！\n它吃了什么东西！\r要扒开嘴巴吗？[0200,0000]
444	啊！\n包包有点湿了……
445	啊！\n它身上粘着叶子！
446	看着朝阳\n非常开心！
447	在玩沙！
448	看着[0103,0002]的脚印\n非常开心！
449	看着[0103,0002]的脚印\n非常开心！
450	地面泥泞\n非常不爽……
451	地面泥泞\n非常开心！
452	很热很开心！
453	很热\n感觉有点不舒服……
454	危险！\n差点就掉下去了……
455	危险！\n地板破了差点掉下去！
456	差点就\n滑倒了！
457	突然戳了\n[0101,0000]一下。
458	[0101,0000]\n开始转圈圈了。
459	能有一个好天气，\n它好像很高兴！
460	嗅嗅！\n它好像闻到一股香味！
461	[0101,0000]突然发出了低吼！
462	它好像因为突然被搭话\n所以吓了一跳！
463	在跟草莓\n问好！
464	在一起跳舞！
465	[0101,0000]厌恶地生气了！
466	它目不转睛地看着各种道具。
467	[0101,0000]\n开心地刨着地！
468	[0101,0000]\n蹭着岩石玩！
469	[0101,0000]\n敲着石头玩！
470	[0101,0000]\n滚着玩！
471	[0101,0000]\n开始了松土。
472	[0101,0000]用奇怪的姿势\n跳起了舞来。
473	[0101,0000]\n不可思议地跳起了舞来。
474	[0101,0000]用奇怪的姿势\n跳起了舞来。
475	[0101,0000]\n不可思议地跳起了舞来。
476	它一直在看着大海！
477	开心地嚼着。
478	它“啊～”地打了个哈欠！
479	被[0101,0000]的声音\n吓住了！
480	[0101,0000]大叫了起来！
481	从里面\n似乎吹来了风。
482	看着舞蹈很开心！
483	紧紧地盯着土特产看。
484	[0101,0000]\n提起了干劲！
485	[0101,0000]开心地挥着\n[0108,0004]唱歌。
486	[0101,0000]\n开心地跳起了舞！
487	它正在伸展身体放松身心。
488	它睡得很香。
489	[0101,0000]大声地吼叫了起来！
490	它东张西望的，好像在找着什么。
491	紧张地看着架子。
492	似乎对周围转来转去的\n点心很好奇。
493	嗅着烟的味道。
494	嗅着花的味道。
495	它在努力闻着地板上的味道。
496	嗅嗅！\n有什么东西在附近吗？
497	[0101,0000]\n嗅着姐姐的味道。
498	嗅嗅！\n它好像闻到一股香味！
499	嗅着\n花的味道。
500	[0101,0000]\n精力旺盛地打招呼！
501	[0101,0000]比平常\n跳得更欢！
502	碰到冰\n似乎稍微吓了一跳！
503	[0101,0000]\n盯着对方看！
504	它一直在看着黑板……\n但好像并没有看懂。
505	[0101,0000]\n戳着垃圾玩……
506	[0101,0000]\n似乎对栅栏那侧很好奇。
507	[0101,0000]对冷的东西\n似乎是非常开心！
508	[0101,0000]\n有点冷地蹭来蹭去！
509	[0101,0000]\n有点冷地靠了过来！
510	[0101,0000]\n盯着架子看。
511	似乎对下面的房间\n非常有兴趣。
512	一动不动的。
513	它正在转动着自行车的螺丝。
514	湿湿的\n似乎还蛮开心的！
515	[0101,0000]\n湿湿的感觉很不舒服……
516	被[0101,0000]的声音\n吓住了！
517	[0101,0000]大叫了起来！
518	[0101,0000]\n跳起了很厉害的舞！
519	[0101,0000]非常高兴！
520	[0101,0000]\n跳起了漂亮的舞！
521	[0101,0000]\n开心地跳了起来！
522	在外面找到了什么，\n似乎非常开心！
523	[0101,0000]\n表情稍微有点痛苦……
524	[0101,0000]稍微有点冷，\n很开心！
525	[0101,0000]似乎是\n稍微有被吓到了。
526	它正在流着口水……
527	绊了一跤！
528	滑来滑去的\n非常开心！
529	它戳向了你的身体！
530	它正在伸展身体放松身心。
531	[0101,0000]开心地\n刨着地面！
532	[0101,0000]\n不断地挖着地面！
533	[0101,0000]看起来非常开心！
534	[0101,0000]一直在眺望远方。
535	[0101,0000]突然大叫了起来！
536	[0101,0000]一副兴奋的模样！
537	似乎是在唱什么东西吧？
538	在唱什么呢？
539	感觉到了什么，\n有点颤抖。
540	找到了什么很开心！
541	它一直在盯着什么都没有的地方……
542	它好像有点不开心了。
543	[0101,0000]好像很高兴！
544	[0101,0000]好像在高兴地跳舞。
545	它好像生气了！
546	它好像闻到了什么香味！
547	好像有声音从墙上传来……
548	好像有冷风吹了过来！
549	感觉似乎\n相当的热……
550	[0101,0000]\n感觉很窄。
551	[0101,0000]\n好像害羞了。
552	[0101,0000]\n笑着问了好！
553	[0101,0000]\n开心地刨着地面！
554	[0101,0000]\n竟然在哼着歌！　
555	花瓣粘在了它的脸上！
556	好像想立刻跳进海里！
557	[0101,0000]在一脸\n愤怒地低吼着！
558	[0101,0000]\n突然跳起了舞！
559	[0101,0000]\n望着天空……
560	[0101,0000]\n跳起了健壮的舞！
561	[0101,0000]\n非常开心地跳起了舞！
562	[0101,0000]散发着“哔哩哔哩”的电流，\n干劲十足！
563	[0101,0000]\n突然跳起了舞！
564	[0101,0000]\n望着天空……
565	它在哗啦哗啦地玩着水！
566	[0101,0000]\n跳起了健壮的舞！
567	[0101,0000]\n非常开心地跳起了舞！
568	它吃惊地转了过来！
569	吓得跳了起来！
570	[0101,0000]\n突然跳起了舞！
571	[0101,0000]\n望着天空……
572	看起来它很开心地\n在空中跳着！
573	[0101,0000]的身体\n像触电了一样颤抖起来！
574	[0101,0000]在瑟瑟发抖！
575	软绵绵的很舒服！
576	它一脸不快地\n把头扭了过去……
577	[0101,0000]\n盯着天空看。
578	[0101,0000]\n紧紧地盯着两人看。
579	呸！\n似乎是进垃圾了！
580	似乎有股\n奇怪的味道……
581	[0101,0000]大叫了起来！
582	被[0101,0000]的声音\n吓住了！
583	[0101,0000]\n对着天空大喊！
584	看着美丽的星空\n非常开心！
585	它没有看清前方有什么\n东西而撞了上去！
586	似乎还不知道……
587	[0101,0000]用奇怪的姿势\n跳起了舞。
588	[0101,0000]跳起了\n不可思议的舞蹈。
589	[0101,0000]的身体\n像触电了一样颤抖起来！
590	[0101,0000]在瑟瑟发抖！
591	它在不停地四下张望。
592	不安地张望四周，\n有点神经兮兮。
593	[0101,0000]\n湿湿的似乎很开心！
594	[0101,0000]泼上了水\n有点不舒服……
595	[0101,0000]\n波上水很开心！
596	泼水玩得很开心！
597	[0101,0000]\n突然叫了起来！
598	[0101,0000]\n敲着地面！
599	[0101,0000]\n对着头顶大吼！
600	[0101,0000]\n突然转了起来！
601	[0101,0000]\n突然叫了起来！
602	[0101,0000]\n身体有些颤抖。
603	看着手上的[0108,0004]\n流着口水……
604	想将手上的[0108,0004]\n交给妈妈！
605	它正在盯着山顶看。
606	看着被染红的天空\n非常开心！
607	看着夜空\n有些出神！
608	被[0101,0000]的声音\n吓住了！
609	[0101,0000]大叫了起来！
610	[0101,0000]\n跳起了健壮的舞！
611	[0101,0000]\n非常开心地跳起了舞！
612	[0101,0000]喷出火焰，\n干劲满满！
613	[0101,0000]\n大叫一声！
614	哇！[0101,0000]\n突然抱了上来！
615	哇！[0101,0000]\n突然想和你玩！
616	哇！[0101,0000]\n突然就跳起来了！
617	哇！\n冷风吹了起来！\r它看起来却很高兴？
618	哇！\n它突然靠了过来！\r要摸摸它的头吗？[0200,0000]
619	哇！\n突然泼水过来了！
620	哇！\n它突然大叫了起来！
621	嗯？\n在山上找到什么了吗？
622	它好像被刺了一下！
623	很开心的样子！
624	……感觉\n稍微有点无聊。
625	稍微有点悲伤！
626	啊！吃了后\n感觉有些恶心……
627	哇！\n吓了一大跳！
628	……感觉\n硬硬的，动不了
629	超高兴地！
630	……\n超爽的！
631	非常开心！
632	啊！\n快哭了！
633	在反省，\n无精打采的……
634	……感觉\n好像做了什么坏事一样。
635	吓得跳了起来！
636	口水\n流了下来……
637	很开心的样子！
638	哇！\n身体弄圆圆的！
639	哇！\n来蹭你的脸啦！
640	啊！\n好像快哭出来了……
641	感觉还蛮开心的！
642	在发呆……
643	和[0103,0002]\n一起玩很开心！
644	慢吞吞的\n想要咬……
645	看着[0103,0002]的脸\n很安心！
646	啊！\n差点摔倒……
647	吓得跳了起来！
648	口水\n流下来了……
649	有点呆……
650	另一只鞋子也开始啃了！
651	它好像被吓了一跳！
652	还在戳，\n似乎感觉很有意思……
653	有点呆……
654	啊！不知怎么\n表情有点愁眉不展！
655	……似乎是在反省了。
656	这次用舌头舔了……
657	似乎是在反省了。
658	啊！架子快倒了，\n吓了一大跳！
659	掉了张纸片下来。
660	啊！\n喉咙卡住了！
661	稍微有点害羞。
662	啊！\n似乎稍微有些麻痹！
663	义无反顾地盯着开关。
664	咔嚓！\f……不过\n似乎什么都没有发生。
665	边流着口水\n边呆在一边……
666	啊！\n喉咙卡住了！
667	拿出了嘴巴里的\n垃圾！
668	啊！\n喉咙卡住了！
669	超开心地\n滚来滚去！
670	……稍微有些寂寞。
671	非常开心！
672	悲伤地吐出了\n垃圾！
673	吓得大叫了起来！
674	开心地大叫了起来！
675	开心地\n跳了起来！
676	大叫后\n开始反省！
677	吓得发出了怪声！
678	开心地\n跳起了舞来！
679	开心地\n活动身体！
680	用很大的声音回话！
681	能陪它玩感觉很开心！
682	吓得大叫了起来！
683	吓得大叫了起来！
684	很不甘心地咬嘴巴！
685	反省着\n……
686	拿出了嘴巴里的\n垃圾！
687	非常开心地\n转来转去！
688	[0101,0000]和和服女孩\n一同跳起了舞！
689	[0101,0000]和和服女孩\n一同跳起了舞！
690	[0101,0000]正在借机\n炫耀自己的力量！
691	和[0101,0000]一起\n闪闪发亮！
692	[0101,0000]一动不动\n装树！
693	[0101,0000]一动不动\n在装树？
694	[0101,0000]摇晃手指\n跳起了舞！
695	[0101,0000]看着电梯\n心情似乎不太好。
696	[0101,0000]\n激动地到处走动！
697	[0101,0000]移到了\n一旁！
698	[0101,0000]兴奋得\n呼吸都急促了起来！
699	[0101,0000]摇摇晃晃的，\n感觉很开心。
700	[0101,0000]突然\n皮皮～地叫了起来！
701	[0101,0000]\n跳着！
702	[0101,0000]\n翻着垃圾桶……
703	[0101,0000]\n感觉很悲伤……
704	[0101,0000]\n害怕的有些颤抖。
705	[0101,0000]闭上眼睛\n好像在祈祷。
706	[0101,0000]在开心地跳着！
707	[0101,0000]\n想和其他的宝可梦们玩！
708	[0101,0000]\n摇晃着肚子。
709	悉悉索索地讲了什么吗？
710	[0101,0000]张开大嘴\n开始叫！
711	[0101,0000]亮出爪子\n开始叫！
712	[0101,0000]移动着长长的\n身体发出大叫！
713	[0101,0000]对着天空\n大声咆哮！
714	[0101,0000]发出了能让人\n颤抖的雄叫！
715	[0101,0000]张开身体\n发出大叫！
716	[0101,0000]吧唧吧唧地\n开心地飞来飞去！
717	[0101,0000]\n开心地跳着舞！
718	[0101,0000]盯着\n[0103,0002]的脸看。
719	[0101,0000]嗅着[0103,0002]的\n气味。
720	[0101,0000]转了过来\n并冲着你笑了笑！
721	[0101,0000]\n似乎还不习惯自己的名字。
722	[0101,0000]\n放出了软绵绵的孢子！
723	[0101,0000]\n想贴到树上！
724	……哎呀？\n[0101,0000]的样子……\r并没有发生变化！
725	[0101,0000]把藤蔓伸展开，\n然后把它缠在了你身上！\r它看起来很开心！
726	[0101,0000]跳的\n比和服女孩还好！
727	好像有种\n很怀念的味道……
728	[0101,0000]看起来非常放松。
729	[0101,0000]\n看着研究所。
730	它好像对一圈圈转动的\n机器很感兴趣。
731	[0101,0000]\n提起了干劲！
732	[0101,0000]\n在积蓄力量！
733	[0101,0000]\n似乎对盒子的里面很好奇。
734	[0101,0000]\n看着石头。
735	[0101,0000]\n想在泳池边奔跑！
736	是在做准备运动吗？
737	[0101,0000]\n跟呆壳兽问了好！
738	[0101,0000]\n跟月桂叶问了好！
739	[0101,0000]\n盯着大海看。
740	[0101,0000]\n似乎很想坐船！
741	[0101,0000]\n很想坐电车！
742	[0101,0000]\n抬头看着天花板
743	[0101,0000]被不稳的地板\n吓了一跳！
744	[0101,0000]模仿\n[0103,0002]！
745	………………\f………………\f………………\f……　……　[0101,0000]\n什么都没说就点了点头！
746	[0101,0000]\n冲着澡很舒服！
747	[0101,0000]\n冲着澡感觉有些难受……
748	[0101,0000]\n流着口水……
749	[0101,0000]的喉咙\n发出破音。
750	[0101,0000]\n觉得很窄很兴奋。
751	[0101,0000]\n好像撞到了什么东西！
752	[0101,0000]\n很想和长尾怪手一起玩！
753	[0101,0000]在骨碌骨碌地\n滚动着石头。
754	[0101,0000]的\n喉咙发出破音。
755	[0101,0000]\n慢慢地喃喃着。
756	[0101,0000]\n调整气势！
757	[0101,0000]\n正在集中……
758	[0101,0000]突然吼了起来！
