0	朋友手册
1	查看朋友列表
2	登录朋友号码
3	[0103,0000]的朋友号码
4	关闭
5	朋友列表
6	[0103,0000]
7	[0205]返回
8	查看详情
9	写名字
10	删除
11	取消
12	要拿[0103,0000]的\n数据怎么办？
13	和[0103,0000]的记录
14	[0205]Ａ：返回上一个画面
15	群组
16	[0103,0000]
17	[0205][0103,0000]
18	[0205][0133,0000]／[0133,0001]
19	对战成绩
20	胜利
21	失败
22	[0206][0135,0000]
23	宝可梦交换
24	[0206][0135,0000]
25	料理次数
26	[0135,0000]
27	最后游玩日期
28	[0135,0000]／[0133,0001]／[0133,0002]
29	对战塔
30	对战工厂
31	对战城堡
32	对战舞台
33	对战轮盘
34	上次
35	当前
36	最佳
37	[0135,0000]连胜
38	５０级
39	无限制
40	租借／交换
41	[0206]城堡点数
42	[0100,0000]的记录
43	[0206][0135,0000]回
44	[0206][0135,0000]ＣＰ
45	[0135,0000]连胜
46	[0135,0000]游戏通关
47	广场游戏的回数
48	[0300,0000]
49	[0135,0000]次
50	[0103,0000]的朋友号码
51	[0205]返回
52	[0205][0135,0001]　[0135,0002]　[0135,0003]
53	如果互相输入朋友号码的话，\n可以使用ＷｉーＦｉ连接\n和远处的朋友们\n快乐地交换或者对战。
54	得到了朋友号码的话，\n需要连接一次ＷｉーＦｉ连接。
55	[0135,0001]　[0135,0002]　[0135,0003]\n登录了[0103,0000]。
56	搞错了朋友号码。\n[0135,0001]　[0135,0002]　[0135,0003]
57	将要删除[0103,0000]。\n确认要这样做吗？
58	朋友列表已经满了！
59	已经登录过了相同的朋友号码。
60	[0103,0000]的朋友号码\n[0135,0001]　[0135,0002]　[0135,0003]
61	查看朋友号码
62	将[0103,0000]登录到\n朋友手册中吗？
63	朋友列表已经满了！\n要删除谁吗？
64	要放弃登录\n[0103,0000]吗？
65	要删除\n[0103,0000]的数据吗？
66	请再次与[0103,0000]连接。
