0	[0102,0000]
1	[0102,0000]
2	[0102,0000]
3	[0102,0000]
4	[0102,0000]
5	[0102,0000]
6	请选择宝可梦。
7	要使用哪只宝可梦？
8	和哪只进行更换？
9	用哪只宝可梦进行战斗？
10	让哪只宝可梦回来？
11	L[0202,0000]
12	/
13	[0202,0000]
14	[0106,0000]
15	[0109,0000]
16	[0107,0000]
17	[0107,0000]
18	[0107,0000]
19	[0107,0000]
20	ＰＰ
21	更换
22	♂
23	♀
24	查看实力
25	查看技能
26	无法战斗
27	战斗中
28	准备中
29	搭档
30	无持有物
31	[0102,0000]
32	[0102,0000]
33	Ｌｖ．
34	[0202,0000]
35	至下一个等级
36	[0205,0000]
37	[0106,0000]
38	ＨＰ
39	[0202,0000]
40	[0202,0000]
41	／
42	攻击
43	[0202,0000]
44	防御
45	[0202,0000]
46	特攻
47	[0202,0000]
48	特防
49	[0202,0000]
50	速度
51	[0202,0000]
52	[0107,0000]
53	ＰＰ
54	[0201,0000]
55	[0201,0000]
56	／
57	――
58	威力
59	[0202,0000]
60	―
61	命中
62	[0202,0000]
63	分类
64	物理
65	变化
66	特殊
67	魅力点数
68	忘记
69	放弃
70	因为是重要的技能！\n不能忘记！
71	[0107,0000]
72	[0201,0000]
73	[0201,0000]
74	[0107,0000]
75	[0201,0000]
76	[0201,0000]
77	[0107,0000]
78	[0201,0000]
79	[0201,0000]
80	[0107,0000]
81	[0201,0000]
82	[0201,0000]
83	[0107,0000]
84	[0201,0000]
85	[0201,0000]
86	[0102,0000]\n已经在战斗了。
87	[0102,0000]\n已经没有力气再战斗了！
88	[0102,0000]\n无法回来！
89	蛋\n不能进行战斗。
90	无法选择\n搭档宝可梦！
91	使用了也没有效果。
92	[0102,0000]的体力\n[0202,0001]回复了！
93	[0102,0000]的毒\n完全清干净了！
94	[0102,0000]的\n麻痹解除了！
95	[0102,0000]的\n烧伤治好了！
96	[0102,0000]\n身上的结冰融化了！
97	技能点数回复了！　
98	[0102,0000]\n恢复了精神！
99	[0102,0000]\n变得健康了！
100	[0102,0000]的\n混乱解除了！
101	[0102,0000]的\n迷倒状态解除！
102	[0102,0000]\n醒了！
103	[0102,0000]\n已经被选择过了。
104	回复哪个技能？
105	因为[0107,0001]的效果，\n无法对[0102,0000]使用！
106	[0102,0000]\n不能回来！
107	[0102,0000]\n已经回来了。
