0	
1	
2	
3	
4	
5	
6	
7	
8	
9	
10	
11	
12	
13	
14	
15	
16	
17	
18	
19	
20	
21	
22	
23	
24	
25	
26	
27	
28	
29	
30	
31	
32	
33	
34	
35	
36	
37	
38	
39	
40	
41	
42	
43	
44	
45	
46	
47	
48	
49	
50	
51	
52	
53	
54	
55	
56	
57	
58	
59	
60	
61	
62	
63	
64	
65	
66	
67	
68	
69	
70	
71	
72	
73	
74	
75	
76	
77	
78	
79	
80	
81	
82	
83	
84	
85	
86	
87	
88	
89	
90	
91	
92	
93	
94	
95	
96	
97	
98	
99	
100	
101	
102	
103	
104	
105	
106	
107	
108	
109	
110	
111	
112	
113	
114	
115	
116	
117	
118	
119	
120	
121	
122	
123	
124	
125	
126	
127	
128	
129	
130	
131	
132	
133	
134	
135	
136	
137	
138	
139	
140	
141	
142	
143	
144	
145	
146	
147	
148	
149	
150	
151	
152	
153	
154	
155	
156	
157	
158	
159	
160	
161	
162	
163	
164	
165	
166	
167	
168	
169	
170	
171	
172	
173	
174	
175	
176	
177	
178	
179	
180	
181	
182	
183	
184	
185	
186	
187	
188	
189	
190	
191	
192	
193	
194	
195	
196	
197	
198	
199	
200	
201	某种形态
202	
203	
204	
205	
206	
207	
208	
209	
210	
211	
212	
213	
214	
215	
216	
217	
218	
219	
220	
221	
222	
223	
224	
225	
226	
227	
228	
229	
230	
231	
232	
233	
234	
235	
236	
237	
238	
239	
240	
241	
242	
243	
244	
245	
246	
247	
248	
249	
250	
251	
252	
253	
254	
255	
256	
257	
258	
259	
260	
261	
262	
263	
264	
265	
266	
267	
268	
269	
270	
271	
272	
273	
274	
275	
276	
277	
278	
279	
280	
281	
282	
283	
284	
285	
286	
287	
288	
289	
290	
291	
292	
293	
294	
295	
296	
297	
298	
299	
300	
301	
302	
303	
304	
305	
306	
307	
308	
309	
310	
311	
312	
313	
314	
315	
316	
317	
318	
319	
320	
321	
322	
323	
324	
325	
326	
327	
328	
329	
330	
331	
332	
333	
334	
335	
336	
337	
338	
339	
340	
341	
342	
343	
344	
345	
346	
347	
348	
349	
350	
351	漂浮泡泡的形态
352	
353	
354	
355	
356	
357	
358	
359	
360	
361	
362	
363	
364	
365	
366	
367	
368	
369	
370	
371	
372	
373	
374	
375	
376	
377	
378	
379	
380	
381	
382	
383	
384	
385	
386	普通形态
387	
388	
389	
390	
391	
392	
393	
394	
395	
396	
397	
398	
399	
400	
401	
402	
403	
404	
405	
406	
407	
408	
409	
410	
411	
412	草木蓑衣
413	草木蓑衣
414	
415	
416	
417	
418	
419	
420	
421	阴天形态
422	西海域
423	西海域
424	
425	
426	
427	
428	
429	
430	
431	
432	
433	
434	
435	
436	
437	
438	
439	
440	
441	
442	
443	
444	
445	
446	
447	
448	
449	
450	
451	
452	
453	
454	
455	
456	
457	
458	
459	
460	
461	
462	
463	
464	
465	
466	
467	
468	
469	
470	
471	
472	
473	
474	
475	
476	
477	
478	
479	洛托姆的形态
480	
481	
482	
483	
484	
485	
486	
487	另类形态
488	
489	
490	
491	
492	陆地形态
493	阿尔宙斯的形态
494	
495	
496	
497	
498	
499	
500	
501	
502	
503	
504	
505	
506	
507	
508	
509	
510	
511	
512	
513	
514	
515	
516	
517	
518	
519	
520	
521	
522	
523	
524	
525	
526	
527	
528	
529	
530	
531	
532	
533	
534	
535	
536	
537	
538	
539	
540	
541	
542	
543	
544	
545	
546	
547	
548	
549	
550	红线形态
551	
552	
553	
554	
555	一般形态
556	
557	
558	
559	
560	
561	
562	
563	
564	
565	
566	
567	
568	
569	
570	
571	
572	
573	
574	
575	
576	
577	
578	
579	
580	
581	
582	
583	
584	
585	春天形态
586	春天形态
587	
588	
589	
590	
591	
592	
593	
594	
595	
596	
597	
598	
599	
600	
601	
602	
603	
604	
605	
606	
607	
608	
609	
610	
611	
612	
613	
614	
615	
616	
617	
618	
619	
620	
621	
622	
623	
624	
625	
626	
627	
628	
629	
630	
631	
632	
633	
634	
635	
636	
637	
638	
639	
640	
641	化身形态
642	化身形态
643	
644	
645	化身形态
646	酋雷姆的形态
647	一般形态
648	歌声形态
649	盖诺塞克特的形态
650	
651	某种形态
652	某种形态
653	某种形态
654	某种形态
655	某种形态
656	某种形态
657	某种形态
658	某种形态
659	某种形态
660	某种形态
661	某种形态
662	某种形态
663	某种形态
664	某种形态
665	某种形态
666	某种形态
667	某种形态
668	某种形态
669	某种形态
670	某种形态
671	某种形态
672	某种形态
673	某种形态
674	某种形态
675	某种形态
676	某种形态
677	某种形态
678	太阳形态
679	雨水形态
680	雪云形态
681	攻击形态
682	防御形态
683	速度形态
684	沙土蓑衣
685	垃圾蓑衣
686	沙土蓑衣
687	垃圾蓑衣
688	晴天形态
689	东海域
690	东海域
691	加热洛托姆
692	冲洗洛托姆
693	霜冻洛托姆
694	旋转洛托姆
695	切割洛托姆
696	起源形态
697	天空形态
698	阿尔宙斯的形态
699	阿尔宙斯的形态
700	阿尔宙斯的形态
701	阿尔宙斯的形态
702	阿尔宙斯的形态
703	阿尔宙斯的形态
704	阿尔宙斯的形态
705	阿尔宙斯的形态
706	阿尔宙斯的形态
707	阿尔宙斯的形态
708	阿尔宙斯的形态
709	阿尔宙斯的形态
710	阿尔宙斯的形态
711	阿尔宙斯的形态
712	阿尔宙斯的形态
713	阿尔宙斯的形态
714	蓝线形态
715	不倒翁模式
716	夏天形态
717	秋天形态
718	冬天形态
719	夏天形态
720	秋天形态
721	冬天形态
722	灵兽形态
723	灵兽形态
724	灵兽形态
725	焰白酋雷姆
726	暗黑酋雷姆
727	觉悟形态
728	舞步形态
729	盖诺塞克特的形态
730	盖诺塞克特的形态
731	盖诺塞克特的形态
732	盖诺塞克特的形态
