0	[0102,0000]
1	[0102,0000]
2	[0102,0000]
3	[0102,0000]
4	[0102,0000]
5	[0102,0000]
6	请选择宝可梦。
7	要用于哪只宝可梦？
8	与谁交换？
9	要用哪只宝可梦战斗？
10	要收回哪只宝可梦？
11	L[0202,0000]
12	/
13	[0202,0000]
14	[0106,0000]
15	[0109,0000]
16	[0107,0000]
17	[0107,0000]
18	[0107,0000]
19	[0107,0000]
20	ＰＰ
21	替换
22	♂
23	♀
24	查看能力
25	查看招式
26	无法战斗
27	战斗中
28	正在等待。
29	同伴
30	没有持有道具
31	[0102,0000]
32	[0102,0000]
33	Ｌｖ．
34	[0202,0000]
35	距离下一等级
36	[0205,0000]
37	[0106,0000]
38	ＨＰ
39	[0202,0000]
40	[0202,0000]
41	／
42	攻击
43	[0202,0000]
44	防御
45	[0202,0000]
46	特攻
47	[0202,0000]
48	特防
49	[0202,0000]
50	速度
51	[0202,0000]
52	[0107,0000]
53	ＰＰ
54	[0201,0000]
55	[0201,0000]
56	／
57	――
58	威力
59	[0202,0000]
60	―
61	命中
62	[0202,0000]
63	分类
64	物理
65	变化
66	特殊
67	表演得分
68	忘记
69	取消
70	这是重要的招式！\n不能忘记！
71	[0107,0000]
72	[0201,0000]
73	[0201,0000]
74	[0107,0000]
75	[0201,0000]
76	[0201,0000]
77	[0107,0000]
78	[0201,0000]
79	[0201,0000]
80	[0107,0000]
81	[0201,0000]
82	[0201,0000]
83	[0107,0000]
84	[0201,0000]
85	[0201,0000]
86	[0102,0000]\n已经在战斗了。
87	[0102,0000]已没有\n精力再战了！
88	无法让[0102,0000]回来！
89	无法让蛋出场战斗。
90	无法选择同伴的宝可梦！
91	即便使用也无效果哦。
92	[0102,0000]的体力\n回复了[0202,0001]！
93	[0102,0000]的毒\n消失得干干净净！
94	[0102,0000]身体的麻痹状态消除了！
95	[0102,0000]的\n灼伤治愈了！
96	[0102,0000]\n身体的冰融化了！
97	ＰＰ回复了！
98	[0102,0000]\n恢复了活力！
99	[0102,0000]\n变得健康了！
100	[0102,0000]的\n混乱解除了！
101	[0102,0000]的\n着迷状态治愈了！
102	[0102,0000]\n醒过来了！
103	[0102,0000]\n已经被选中了。
104	要回复哪个招式？
105	因[0107,0001]的效果，\n无法对[0102,0000]使用！
106	无法将[0102,0000]\n收回来！
107	[0102,0000]\n已经回来了。
