0	???,? m
1	0,7 m
2	1,0 m
3	2,0 m
4	0,6 m
5	1,1 m
6	1,7 m
7	0,5 m
8	1,0 m
9	1,6 m
10	0,3 m
11	0,7 m
12	1,1 m
13	0,3 m
14	0,6 m
15	1,0 m
16	0,3 m
17	1,1 m
18	1,5 m
19	0,3 m
20	0,7 m
21	0,3 m
22	1,2 m
23	2,0 m
24	3,5 m
25	0,4 m
26	0,8 m
27	0,6 m
28	1,0 m
29	0,4 m
30	0,8 m
31	1,3 m
32	0,5 m
33	0,9 m
34	1,4 m
35	0,6 m
36	1,3 m
37	0,6 m
38	1,1 m
39	0,5 m
40	1,0 m
41	0,8 m
42	1,6 m
43	0,5 m
44	0,8 m
45	1,2 m
46	0,3 m
47	1,0 m
48	1,0 m
49	1,5 m
50	0,2 m
51	0,7 m
52	0,4 m
53	1,0 m
54	0,8 m
55	1,7 m
56	0,5 m
57	1,0 m
58	0,7 m
59	1,9 m
60	0,6 m
61	1,0 m
62	1,3 m
63	0,9 m
64	1,3 m
65	1,5 m
66	0,8 m
67	1,5 m
68	1,6 m
69	0,7 m
70	1,0 m
71	1,7 m
72	0,9 m
73	1,6 m
74	0,4 m
75	1,0 m
76	1,4 m
77	1,0 m
78	1,7 m
79	1,2 m
80	1,6 m
81	0,3 m
82	1,0 m
83	0,8 m
84	1,4 m
85	1,8 m
86	1,1 m
87	1,7 m
88	0,9 m
89	1,2 m
90	0,3 m
91	1,5 m
92	1,3 m
93	1,6 m
94	1,5 m
95	8,8 m
96	1,0 m
97	1,6 m
98	0,4 m
99	1,3 m
100	0,5 m
101	1,2 m
102	0,4 m
103	2,0 m
104	0,4 m
105	1,0 m
106	1,5 m
107	1,4 m
108	1,2 m
109	0,6 m
110	1,2 m
111	1,0 m
112	1,9 m
113	1,1 m
114	1,0 m
115	2,2 m
116	0,4 m
117	1,2 m
118	0,6 m
119	1,3 m
120	0,8 m
121	1,1 m
122	1,3 m
123	1,5 m
124	1,4 m
125	1,1 m
126	1,3 m
127	1,5 m
128	1,4 m
129	0,9 m
130	6,5 m
131	2,5 m
132	0,3 m
133	0,3 m
134	1,0 m
135	0,8 m
136	0,9 m
137	0,8 m
138	0,4 m
139	1,0 m
140	0,5 m
141	1,3 m
142	1,8 m
143	2,1 m
144	1,7 m
145	1,6 m
146	2,0 m
147	1,8 m
148	4,0 m
149	2,2 m
150	2,0 m
151	0,4 m
152	0,9 m
153	1,2 m
154	1,8 m
155	0,5 m
156	0,9 m
157	1,7 m
158	0,6 m
159	1,1 m
160	2,3 m
161	0,8 m
162	1,8 m
163	0,7 m
164	1,6 m
165	1,0 m
166	1,4 m
167	0,5 m
168	1,1 m
169	1,8 m
170	0,5 m
171	1,2 m
172	0,3 m
173	0,3 m
174	0,3 m
175	0,3 m
176	0,6 m
177	0,2 m
178	1,5 m
179	0,6 m
180	0,8 m
181	1,4 m
182	0,4 m
183	0,4 m
184	0,8 m
185	1,2 m
186	1,1 m
187	0,4 m
188	0,6 m
189	0,8 m
190	0,8 m
191	0,3 m
192	0,8 m
193	1,2 m
194	0,4 m
195	1,4 m
196	0,9 m
197	1,0 m
198	0,5 m
199	2,0 m
200	0,7 m
201	0,5 m
202	1,3 m
203	1,5 m
204	0,6 m
205	1,2 m
206	1,5 m
207	1,1 m
208	9,2 m
209	0,6 m
210	1,4 m
211	0,5 m
212	1,8 m
213	0,6 m
214	1,5 m
215	0,9 m
216	0,6 m
217	1,8 m
218	0,7 m
219	0,8 m
220	0,4 m
221	1,1 m
222	0,6 m
223	0,6 m
224	0,9 m
225	0,9 m
226	2,1 m
227	1,7 m
228	0,6 m
229	1,4 m
230	1,8 m
231	0,5 m
232	1,1 m
233	0,6 m
234	1,4 m
235	1,2 m
236	0,7 m
237	1,4 m
238	0,4 m
239	0,6 m
240	0,7 m
241	1,2 m
242	1,5 m
243	1,9 m
244	2,1 m
245	2,0 m
246	0,6 m
247	1,2 m
248	2,0 m
249	5,2 m
250	3,8 m
251	0,6 m
252	0,5 m
253	0,9 m
254	1,7 m
255	0,4 m
256	0,9 m
257	1,9 m
258	0,4 m
259	0,7 m
260	1,5 m
261	0,5 m
262	1,0 m
263	0,4 m
264	0,5 m
265	0,3 m
266	0,6 m
267	1,0 m
268	0,7 m
269	1,2 m
270	0,5 m
271	1,2 m
272	1,5 m
273	0,5 m
274	1,0 m
275	1,3 m
276	0,3 m
277	0,7 m
278	0,6 m
279	1,2 m
280	0,4 m
281	0,8 m
282	1,6 m
283	0,5 m
284	0,8 m
285	0,4 m
286	1,2 m
287	0,8 m
288	1,4 m
289	2,0 m
290	0,5 m
291	0,8 m
292	0,8 m
293	0,6 m
294	1,0 m
295	1,5 m
296	1,0 m
297	2,3 m
298	0,2 m
299	1,0 m
300	0,6 m
301	1,1 m
302	0,5 m
303	0,6 m
304	0,4 m
305	0,9 m
306	2,1 m
307	0,6 m
308	1,3 m
309	0,6 m
310	1,5 m
311	0,4 m
312	0,4 m
313	0,7 m
314	0,6 m
315	0,3 m
316	0,4 m
317	1,7 m
318	0,8 m
319	1,8 m
320	2,0 m
321	14,5 m
322	0,7 m
323	1,9 m
324	0,5 m
325	0,7 m
326	0,9 m
327	1,1 m
328	0,7 m
329	1,1 m
330	2,0 m
331	0,4 m
332	1,3 m
333	0,4 m
334	1,1 m
335	1,3 m
336	2,7 m
337	1,0 m
338	1,2 m
339	0,4 m
340	0,9 m
341	0,6 m
342	1,1 m
343	0,5 m
344	1,5 m
345	1,0 m
346	1,5 m
347	0,7 m
348	1,5 m
349	0,6 m
350	6,2 m
351	0,3 m
352	1,0 m
353	0,6 m
354	1,1 m
355	0,8 m
356	1,6 m
357	2,0 m
358	0,6 m
359	1,2 m
360	0,6 m
361	0,7 m
362	1,5 m
363	0,8 m
364	1,1 m
365	1,4 m
366	0,4 m
367	1,7 m
368	1,8 m
369	1,0 m
370	0,6 m
371	0,6 m
372	1,1 m
373	1,5 m
374	0,6 m
375	1,2 m
376	1,6 m
377	1,7 m
378	1,8 m
379	1,9 m
380	1,4 m
381	2,0 m
382	4,5 m
383	3,5 m
384	7,0 m
385	0,3 m
386	1,7 m
387	0,4 m
388	1,1 m
389	2,2 m
390	0,5 m
391	0,9 m
392	1,2 m
393	0,4 m
394	0,8 m
395	1,7 m
396	0,3 m
397	0,6 m
398	1,2 m
399	0,5 m
400	1,0 m
401	0,3 m
402	1,0 m
403	0,5 m
404	0,9 m
405	1,4 m
406	0,2 m
407	0,9 m
408	0,9 m
409	1,6 m
410	0,5 m
411	1,3 m
412	0,2 m
413	0,5 m
414	0,9 m
415	0,3 m
416	1,2 m
417	0,4 m
418	0,7 m
419	1,1 m
420	0,4 m
421	0,5 m
422	0,3 m
423	0,9 m
424	1,2 m
425	0,4 m
426	1,2 m
427	0,4 m
428	1,2 m
429	0,9 m
430	0,9 m
431	0,5 m
432	1,0 m
433	0,2 m
434	0,4 m
435	1,0 m
436	0,5 m
437	1,3 m
438	0,5 m
439	0,6 m
440	0,6 m
441	0,5 m
442	1,0 m
443	0,7 m
444	1,4 m
445	1,9 m
446	0,6 m
447	0,7 m
448	1,2 m
449	0,8 m
450	2,0 m
451	0,8 m
452	1,3 m
453	0,7 m
454	1,3 m
455	1,4 m
456	0,4 m
457	1,2 m
458	1,0 m
459	1,0 m
460	2,2 m
461	1,1 m
462	1,2 m
463	1,7 m
464	2,4 m
465	2,0 m
466	1,8 m
467	1,6 m
468	1,5 m
469	1,9 m
470	1,0 m
471	0,8 m
472	2,0 m
473	2,5 m
474	0,9 m
475	1,6 m
476	1,4 m
477	2,2 m
478	1,3 m
479	0,3 m
480	0,3 m
481	0,3 m
482	0,3 m
483	5,4 m
484	4,2 m
485	1,7 m
486	3,7 m
487	4,5 m
488	1,5 m
489	0,4 m
490	0,3 m
491	1,5 m
492	0,2 m
493	3,2 m
494	6,9 m
495	0,4 m
