0	请选择使用同行的\n还是对战盒子中的宝可梦。
1	同行
2	对战盒子
3	取消
4	没有可以用于\n参加比赛的宝可梦！\f
5	不符合\n参加的条件！\f\n请准备３～６只\n不同种类的宝可梦，\r\n且各自携带不同的道具。\f
6	不符合\n参加的条件！\f\n请准备４～６只\n不同种类的宝可梦，\r\n且各自携带不同的道具。\f
7	不符合\n参加的条件！\f\n请准备６只\n不同种类的宝可梦，\r\n且各自携带不同的道具。\f
8	不符合\n参加的条件！\f\n请准备４～６只\n不同种类的宝可梦，\r\n且各自携带不同的道具。\f
9	不符合\n参加的条件！\f\n请准备６只\n不同种类的宝可梦，\r\n且各自携带不同的道具。\f
10	没有可以用于参加的\n３只宝可梦！\f\n请准备３只\n不同种类的宝可梦，\r\n且各自携带不同的道具。\f
11	没有可以用于参加的\n４只宝可梦！\f\n请准备４只\n不同种类的宝可梦，\r\n且各自携带不同的道具。\f
12	没有可以用于参加的\n２只宝可梦！\f\n请准备２只\n不同种类的宝可梦，\r\n且各自携带不同的道具。\f
13	此外，宝可梦的蛋\n无法参加比赛！\f\n携带“心之水滴”的宝可梦\n亦无法参加比赛！\f
14	此外，宝可梦的蛋[0101,0000]\n无法参加比赛！\f\n“携带“心之水滴”的宝可梦\n亦无法参加比赛！\f
15	此外，宝可梦的蛋[0101,0000][0101,0001]\n无法参加比赛！\f\n携带“心之水滴”的宝可梦\n亦无法参加比赛！\f
16	此外，宝可梦的蛋[0101,0000][0101,0001]\n[0101,0002]\r\n无法参加比赛！\f\n携带“心之水滴”的宝可梦\n亦无法参加比赛！\f
17	此外，宝可梦的蛋[0101,0000][0101,0001]\n[0101,0002][0101,0003]\r\n无法参加比赛！\f\n携带“心之水滴”的宝可梦\n亦无法参加比赛！\f
18	此外，宝可梦的蛋[0101,0000][0101,0001]\n[0101,0002][0101,0003][0101,0004]\r\n无法参加比赛！\f\n携带“心之水滴”的宝可梦\n亦无法参加比赛！\f
19	此外，宝可梦的蛋[0101,0000][0101,0001]\n[0101,0002][0101,0003][0101,0004]\f\n[0101,0005]\n无法参加比赛！\f\n携带“心之水滴”的宝可梦\n亦无法参加比赛！\f
20	此外，宝可梦的蛋[0101,0000][0101,0001]\n[0101,0002][0101,0003][0101,0004]\f\n[0101,0005][0101,0006]\n无法参加比赛！\f\n携带“心之水滴”的宝可梦\n亦无法参加比赛！\f
21	此外，宝可梦的蛋[0101,0000][0101,0001]\n[0101,0002][0101,0003][0101,0004]\f\n[0101,0005][0101,0006][0101,0007]\n无法参加比赛！\f\n携带“心之水滴”的宝可梦\n亦无法参加比赛！\f
22	此外，宝可梦的蛋[0101,0000][0101,0001]\n[0101,0002][0101,0003][0101,0004]\f\n[0101,0005][0101,0006][0101,0007]\n[0101,0008]\r\n无法参加比赛！\f\n携带“心之水滴”的宝可梦\n亦无法参加比赛！\f
23	此外，宝可梦的蛋[0101,0000][0101,0001]\n[0101,0002][0101,0003][0101,0004]\f\n[0101,0005][0101,0006][0101,0007]\n[0101,0008][0101,0009]\r\n无法参加比赛！\f\n携带“心之水滴”的宝可梦\n亦无法参加比赛！\f
24	此外，宝可梦的蛋[0101,0000][0101,0001]\n[0101,0002][0101,0003][0101,0004]\f\n[0101,0005][0101,0006][0101,0007]\n[0101,0008][0101,0009][0101,000A]\r\n无法参加比赛！\f\n携带“心之水滴”的宝可梦\n亦无法参加比赛！\f
25	此外，宝可梦的蛋[0101,0000][0101,0001]\n[0101,0002][0101,0003][0101,0004]\f\n[0101,0005][0101,0006][0101,0007]\n[0101,0008][0101,0009][0101,000A]\f\n[0101,000B]\n无法参加比赛！\f\n携带“心之水滴”的宝可梦\n亦无法参加比赛！\f
26	此外，宝可梦的蛋[0101,0000][0101,0001]\n[0101,0002][0101,0003][0101,0004]\f\n[0101,0005][0101,0006][0101,0007]\n[0101,0008][0101,0009][0101,000A]\f\n[0101,000B][0101,000C]\n无法参加比赛！\f\n携带“心之水滴”的宝可梦\n亦无法参加比赛！\f
27	此外，宝可梦的蛋[0101,0000][0101,0001]\n[0101,0002][0101,0003][0101,0004]\f\n[0101,0005][0101,0006][0101,0007]\n[0101,0008][0101,0009][0101,000A]\f\n[0101,000B][0101,000C][0101,000D]\n无法参加比赛！\f\n携带“心之水滴”的宝可梦\n亦无法参加比赛！\f
28	此外，宝可梦的蛋[0101,0000][0101,0001]\n[0101,0002][0101,0003][0101,0004]\f\n[0101,0005][0101,0006][0101,0007]\n[0101,0008][0101,0009][0101,000A]\f\n[0101,000B][0101,000C][0101,000D]\n[0101,000E]\r\n无法参加比赛！\f\n携带“心之水滴”的宝可梦\n亦无法参加比赛！\f
29	此外，宝可梦的蛋[0101,0000][0101,0001]\n[0101,0002][0101,0003][0101,0004]\f\n[0101,0005][0101,0006][0101,0007]\n[0101,0008][0101,0009][0101,000A]\f\n[0101,000B][0101,000C][0101,000D]\n[0101,000E][0101,000F]\r\n无法参加比赛！\f\n携带“心之水滴”的宝可梦\n亦无法参加比赛！\f
30	此外，宝可梦的蛋[0101,0000][0101,0001]\n[0101,0002][0101,0003][0101,0004]\f\n[0101,0005][0101,0006][0101,0007]\n[0101,0008][0101,0009][0101,000A]\f\n[0101,000B][0101,000C][0101,000D]\n[0101,000E][0101,000F][0101,0010]\r\n无法参加比赛！\f\n携带“心之水滴”的宝可梦\n亦无法参加比赛！\f
31	此外，宝可梦的蛋[0101,0000][0101,0001]\n[0101,0002][0101,0003][0101,0004]\f\n[0101,0005][0101,0006][0101,0007]\n[0101,0008][0101,0009][0101,000A]\f\n[0101,000B][0101,000C][0101,000D]\n[0101,000E][0101,000F][0101,0010]\f\n[0101,0011]\n无法参加比赛！\f\n携带“心之水滴”的宝可梦\n亦无法参加比赛！\f
32	此外，宝可梦的蛋[0101,0000][0101,0001]\n[0101,0002][0101,0003][0101,0004]\f\n[0101,0005][0101,0006][0101,0007]\n[0101,0008][0101,0009][0101,000A]\f\n[0101,000B][0101,000C][0101,000D]\n[0101,000E][0101,000F][0101,0010]\f\n[0101,0011][0101,0012]\n无法参加比赛！\f\n携带“心之水滴”的宝可梦\n亦无法参加比赛！\f\n
33	此外，宝可梦的蛋[0101,0000][0101,0001]\n[0101,0002][0101,0003][0101,0004]\f\n[0101,0005][0101,0006][0101,0007]\n[0101,0008][0101,0009][0101,000A]\f\n[0101,000B][0101,000C][0101,000D]\n[0101,000E][0101,000F][0101,0010]\f\n[0101,0011][0101,0012][0101,0013]\n无法参加比赛！\f\n携带“心之水滴”的宝可梦\n亦无法参加比赛！\f
34	此外，宝可梦的蛋[0101,0000][0101,0001]\n[0101,0002][0101,0003][0101,0004]\f\n[0101,0005][0101,0006][0101,0007]\n[0101,0008][0101,0009][0101,000A]\f\n[0101,000B][0101,000C][0101,000D]\n[0101,000E][0101,000F][0101,0010]\f\n[0101,0011][0101,0012][0101,0013]\n[0101,0014]\r\n无法参加比赛！\f\n携带“心之水滴”的宝可梦\n亦无法参加比赛！\f\n
35	此外，宝可梦的蛋[0101,0000][0101,0001]\n[0101,0002][0101,0003][0101,0004]\f\n[0101,0005][0101,0006][0101,0007]\n[0101,0008][0101,0009][0101,000A]\f\n[0101,000B][0101,000C][0101,000D]\n[0101,000E][0101,000F][0101,0010]\f\n[0101,0011][0101,0012][0101,0013]\n[0101,0014][0101,0015]\r\n无法参加比赛！\f\n携带“心之水滴”的宝可梦\n亦无法参加比赛！\f
36	此外，宝可梦的蛋[0101,0000][0101,0001]\n[0101,0002][0101,0003][0101,0004]\f\n[0101,0005][0101,0006][0101,0007]\n[0101,0008][0101,0009][0101,000A]\f\n[0101,000B][0101,000C][0101,000D]\n[0101,000E][0101,000F][0101,0010]\f\n[0101,0011][0101,0012][0101,0013]\n[0101,0014][0101,0015][0101,0016]\r\n无法参加比赛！\f\n携带“心之水滴”的宝可梦\n亦无法参加比赛！\f
37	此外，宝可梦的蛋[0101,0000][0101,0001]\n[0101,0002][0101,0003][0101,0004]\f\n[0101,0005][0101,0006][0101,0007]\n[0101,0008][0101,0009][0101,000A]\f\n[0101,000B][0101,000C][0101,000D]\n[0101,000E][0101,000F][0101,0010]\f\n[0101,0011][0101,0012][0101,0013]\n[0101,0014][0101,0015][0101,0016]\f\n[0101,0017]\n无法参加比赛！\f\n携带“心之水滴”的宝可梦\n亦无法参加比赛！\f
38	此外，宝可梦的蛋[0101,0000][0101,0001]\n[0101,0002][0101,0003][0101,0004]\f\n[0101,0005][0101,0006][0101,0007]\n[0101,0008][0101,0009][0101,000A]\f\n[0101,000B][0101,000C][0101,000D]\n[0101,000E][0101,000F][0101,0010]\f\n[0101,0011][0101,0012][0101,0013]\n[0101,0014][0101,0015][0101,0016]\f\n[0101,0017][0101,0018]\n无法参加比赛！\f\n携带“心之水滴”的宝可梦\n亦无法参加比赛！\f
39	此外，宝可梦的蛋[0101,0000][0101,0001]\n[0101,0002][0101,0003][0101,0004]\f\n[0101,0005][0101,0006][0101,0007]\n[0101,0008][0101,0009][0101,000A]\f\n[0101,000B][0101,000C][0101,000D]\n[0101,000E][0101,000F][0101,0010]\f\n[0101,0011][0101,0012][0101,0013]\n[0101,0014][0101,0015][0101,0016]\f\n[0101,0017][0101,0018][0101,0019]\n无法参加比赛！\f\n携带“心之水滴”的宝可梦\n亦无法参加比赛！\f
40	此外，宝可梦的蛋[0101,0000][0101,0001]\n[0101,0002][0101,0003][0101,0004]\f\n[0101,0005][0101,0006][0101,0007]\n[0101,0008][0101,0009][0101,000A]\f\n[0101,000B][0101,000C][0101,000D]\n[0101,000E][0101,000F][0101,0010]\f\n[0101,0011][0101,0012][0101,0013]\n[0101,0014][0101,0015][0101,0016]\f\n[0101,0017][0101,0018][0101,0019]\n[0101,001A]\r\n无法参加比赛！\f\n携带“心之水滴”的宝可梦\n亦无法参加比赛！\f
