0	我是家具设计师\n紫檀。\f但是现在不行……\n想不出好的设计……\f我在构思梦幻般的好家具……
1	紫檀：嗯……\n新的设计\r还没想出来啊。\f你能下次再来吗？
2	紫檀：等我下次想到好设计时，\n再来吧！
3	紫檀：这些崭新设计的家具\n是我的自信之作！\f你认为这些里面\n哪件是你梦寐以求的家具？
4	我构思了美丽梦幻的家具。\f你认为这些里面\n哪件是你梦寐以求的家具？
5	紫檀：哎，你要帮助我设计\n梦想中的家具吗？\f你认为这些里面\n哪件是你梦寐以求的家具？
6	这样啊……下次心情好时，\n再来帮助我设计\r美丽梦幻的家具吧。\f
7	原来如此……品味不错啊。\n多谢你的建议！\f这个设计的话，一定能\n称得上是美丽梦幻的家具。\f下次想到好设计时再来吧！
8	你……知道现在传闻中的\n美丽梦幻的家具吗？
9	啊，突然问你这个，真对不起。\f我是家具设计师\n紫檀。\f我的目标是做出任何家具设计师\n都梦寐以求的家具。\f只要看到它后，\n晚上睡觉都会梦见它的那种家具！\f
10	[0132,0000]
11	[0132,0001]
12	[0132,0002]
13	[0132,0003]
14	[0132,0004]
15	取消
